DATA 14198
VOLUME 14198 CLOSE 14198
56 1.5351 3.78
57 1.6108 3.46
100 1.4133 2.84
101 1.1624 2.13
121 1.4873 2.01
192 0.8081 2.26
196 0.8855 2.11
205 1.2426 2.45
223 1.3444 2.35
225 1.465 2.23
227 1.4291 2.04
284 1.1754 2.13
288 1.2274 2.25
331 1.0491 2.04
332 1.2137 2.2
374 1.0514 2.5
382 0.925 2.06
424 2.058 4.65
425 3.2593 6.26
467 0.8646 2.38
468 0.9657 2.56
516 0.8507 2.45
518 1.1402 2.95
519 1.0598 2.53
520 1.0312 2.26
522 1.2183 2.33
523 1.2681 2.25
525 1.5075 2.28
528 1.7662 2.23
595 0.9395 2.04
608 1.0051 2.37
612 1.3086 2.58
613 1.1241 2.09
614 1.2079 2.13
615 1.6316 2.68
638 2.1576 3.31
653 1.1731 2.34
700 0.8341 2.56
701 1.7331 4.96
702 1.0565 2.52
703 1.2336 2.74
705 1.2547 2.4
706 2.2838 4.07
709 2.2497 3.07
713 2.252 2.43
720 2.7457 2.41
792 0.8222 2.15
798 1.0862 2.32
799 1.7552 3.5
800 1.3319 2.34
838 1.1593 2.06
844 1.2266 2.29
856 1.4695 2.3
884 0.8542 2.48
885 1.4562 4.02
886 0.9377 2.25
890 1.9143 3.73
891 1.5261 2.61
893 1.641 2.39
975 0.8477 3.06
976 0.8344 2.72
977 1.0873 3.31
978 0.8 2.17
982 1.4512 3.21
983 1.714 3.32
984 1.2305 2.1
986 1.9098 2.79
1068 0.6905 2.16
1077 1.0273 2.91
1102 0.6031 2.52
1103 0.5227 2.03
1153 0.8929 2.02
1154 0.9695 2.09
1155 1.446 2.95
1156 1.3856 2.56
1157 1.2077 2.05
1159 1.8969 2.87
1160 2.1411 2.92
1161 2.0217 2.47
1194 0.8304 2.14
1195 0.869 2.28
1196 0.9591 2.38
1246 1.0839 2.89
1247 0.9138 2.21
1248 1.1039 2.52
1249 1.0475 2.24
1251 1.3141 2.45
1340 0.9614 2.79
1341 0.8721 2.35
1342 0.8958 2.22
1378 0.9378 2.6
1407 0.6267 2.39
1462 1.1078 2.36
1470 0.976 2.16
1524 1.1045 2.19
1615 1.2241 2.36
1616 1.1756 2.09
1618 1.3277 2.11
1702 1.298 2.0
1703 1.4338 2.11
1711 1.6983 2.01
1802 1.7738 2.06
1838 1.7894 2.08
1842 2.0586 2.31
1870 2.3237 2.26
1872 2.4083 2.14
1979 3.0238 2.2
2022 2.4056 2.61
2023 2.1199 2.13
2168 1.4642 2.62
2169 1.6233 2.7
2170 1.6719 2.55
2172 1.8196 2.38
2206 1.1158 2.07
2207 1.6146 2.91
2212 1.5264 2.28
2213 2.1023 2.97
2214 1.7825 2.35
2253 1.8511 2.38
2254 2.5554 3.06
2295 1.3764 2.28
2296 1.3265 2.11
2298 2.5831 3.73
2299 1.841 2.32
2346 1.098 2.13
2352 1.1947 2.16
2353 1.4526 2.44
2386 0.8047 2.12
2390 1.1528 2.87
2391 0.9729 2.18
2392 1.0966 2.27
2396 1.2095 2.02
2444 1.5737 4.4
2482 1.0357 2.39
2483 1.005 2.14
2536 1.1733 3.38
2537 1.0297 2.63
2540 0.9549 2.03
2574 0.6036 2.07
2613 0.6529 2.1
2624 1.2964 3.06
2625 0.9799 2.06
2628 1.1575 2.07
2691 0.5713 2.1
2720 0.7777 2.58
2721 0.7798 2.35
2722 0.7463 2.07
2726 0.9766 2.38
2727 1.7779 3.94
2728 1.7379 3.29
2729 1.4509 2.4
2808 1.1232 2.83
2812 1.0806 2.54
2813 1.194 2.62
2814 1.142 2.29
2906 0.4426 2.31
2931 0.6964 4.08
2932 0.7883 4.08
2933 0.5254 2.36
2949 1.0761 3.59
2950 1.191 3.47
2983 0.6826 2.64
2984 1.1825 4.19
2986 1.2763 3.66
2987 1.235 3.08
2988 1.4679 3.27
2989 1.7018 3.33
3072 0.4942 2.4
3078 0.8873 3.56
3079 0.7626 2.66
3080 0.7559 2.37
3144 0.2862 2.16
3159 0.5499 2.37
3170 0.9947 3.06
3171 0.9044 2.51
3172 0.9117 2.31
3173 1.0004 2.37
3240 0.4296 2.15
3241 0.4722 2.17
3258 0.5468 2.0
3259 0.5742 2.02
3262 0.9637 3.29
3263 0.6765 2.06
3264 1.6023 4.53
3265 1.9731 4.69
3266 1.3419 2.64
3354 0.9849 3.56
3355 1.0217 3.23
3356 0.8251 2.29
3357 1.0896 2.8
3360 0.9625 2.01
3392 1.3861 3.8
3393 1.481 3.53
3440 0.6229 2.15
3442 0.6103 2.01
3443 1.0056 3.23
3444 1.0011 2.95
3446 1.1431 2.96
3447 1.4059 3.3
3448 1.2164 2.5
3484 0.6811 2.26
3502 0.6041 2.02
3538 1.0229 3.47
3539 0.7776 2.32
3540 0.7694 2.13
3577 0.8971 2.29
3624 0.6129 2.26
3630 1.218 3.89
3631 0.9851 2.7
3632 1.0661 2.64
3633 1.0543 2.35
3634 1.3616 2.79
3654 1.364 2.54
3672 0.9278 2.57
3713 0.6316 2.21
3715 1.1245 3.66
3716 1.0543 3.04
3717 1.037 2.77
3718 0.8331 2.05
3722 1.0189 2.05
3760 1.279 2.01
3808 0.9774 2.59
3809 0.8216 2.06
3810 0.8465 2.03
3813 1.106 2.41
3814 1.4307 2.88
3815 1.2031 2.19
3816 1.2809 2.16
3817 1.2817 2.02
3855 0.8045 2.17
3856 0.8558 2.16
3892 1.2462 2.13
3893 1.5897 2.6
3894 1.4904 2.27
3900 1.7728 2.16
3997 0.9302 2.2
3998 1.4519 3.2
3999 1.1395 2.22
4001 1.2504 2.15
4002 2.146 3.52
4062 0.8833 2.43
4068 0.9076 2.23
4085 0.9275 2.54
4090 1.0423 2.63
4091 1.1439 2.67
4092 1.1148 2.37
4093 1.027 2.02
4176 1.0369 2.52
4178 1.0699 2.33
4179 0.9989 2.0
4182 1.1405 2.01
4183 1.2236 2.03
4184 1.3178 2.05
4212 0.9458 2.15
4216 1.2207 2.6
4224 1.1438 2.01
4274 1.1031 2.43
4275 1.1218 2.3
4276 1.0762 2.05
4322 0.7633 2.07
4341 0.9508 2.91
4366 0.8428 2.21
4367 0.9439 2.33
4368 0.8876 2.06
4454 0.7906 2.7
4455 0.7556 2.4
4456 0.8455 2.49
4458 0.9183 2.38
4459 1.0948 2.63
4460 0.9554 2.09
4461 1.198 2.44
4548 0.5477 2.0
4549 0.7328 2.6
4550 0.907 3.05
4551 0.8679 2.61
4611 0.5975 2.48
4642 0.7347 2.16
4647 0.9399 2.17
4676 1.1836 2.64
4712 0.6864 2.25
4734 0.8609 2.2
4735 1.0655 2.57
4737 0.9625 2.05
4776 0.5254 2.11
4826 0.7585 2.43
4827 0.6978 2.07
4828 0.7496 2.08
4829 0.8656 2.27
4868 0.4756 2.39
4870 0.456 2.25
4871 0.4804 2.36
4876 0.4885 2.18
4895 0.6881 2.61
4896 3.2499 11.69
4897 4.3884 10.55
4898 2.941 4.72
4899 3.6181 4.76
4900 3.2083 3.46
4901 3.131 2.9
4978 0.6718 2.27
4982 0.9417 2.84
4983 0.9858 2.79
4990 1.0183 2.1
5102 1.4437 2.6
5103 1.3039 2.17
5104 1.3119 2.05
5114 2.1174 2.1
5276 1.7518 2.06
5288 2.7007 2.44
5289 4.2525 3.55
5290 4.0819 2.96
5293 3.8735 2.27
5328 1.5241 2.12
5329 1.5893 2.08
5373 0.9685 2.11
5378 1.0316 2.07
5440 0.8873 2.1
5530 0.5644 2.09
5562 1.427 2.66
5565 1.3261 2.02
5567 1.5767 2.09
5654 0.9181 2.18
5655 0.9269 2.1
5688 1.2996 3.19
5695 0.8555 2.1
5698 0.9806 2.23
5811 0.7345 2.01
5835 0.8006 2.06
5838 0.8315 2.05
5840 0.9179 2.04
5851 1.4295 2.17
5880 1.2706 3.24
5881 1.2668 2.96
5882 1.1478 2.46
5885 1.3527 2.48
5886 1.3991 2.31
5928 1.0126 2.28
5930 1.162 2.38
5931 1.1154 2.12
5934 1.277 2.01
5938 1.6978 2.09
6022 1.3183 4.13
6023 1.7156 4.61
6024 1.3111 2.94
6025 1.5935 3.25
6026 1.1857 2.13
6064 0.8186 3.58
6065 0.683 2.75
6066 0.7409 2.81
6067 0.719 2.5
6201 0.8674 2.16
6206 1.3683 2.94
6207 1.0945 2.15
6208 1.209 2.23
6210 1.3111 2.11
6268 0.6899 2.13
6297 0.7326 2.19
6298 1.1282 3.15
6299 0.9965 2.49
6300 0.9639 2.21
6340 0.4527 2.12
6373 0.5153 2.01
6386 0.6598 2.11
6390 0.7916 2.1
6392 0.9061 2.15
6396 1.2377 2.36
6421 1.6506 3.86
6422 2.0045 4.13
6423 1.7517 3.16
6424 1.2636 2.05
6451 0.6445 2.25
6480 0.7471 2.49
6482 0.8392 2.5
6483 1.0097 2.78
6548 0.5995 2.27
6573 0.7227 2.08
6574 1.3518 3.73
6575 0.8742 2.11
6576 0.941 2.1
6616 0.5817 2.03
6617 0.6666 2.32
6664 0.7305 2.13
6666 0.7524 2.06
6758 0.7651 2.51
6759 0.9254 2.82
6760 0.9232 2.57
6800 0.508 2.65
6801 0.4427 2.21
6845 0.4996 2.16
6846 0.5833 2.37
6847 1.0042 3.82
6848 1.0251 3.42
6849 1.0395 3.07
6850 1.01 2.66
6851 0.9476 2.26
6852 1.0519 2.32
6854 1.0987 2.1
6940 0.6577 2.1
6942 0.8226 2.41
6943 0.7432 2.0
6944 0.8215 2.08
7008 0.6397 2.02
7012 0.8037 2.14
7030 0.6651 2.03
7032 0.7513 2.26
7034 1.0765 3.12
7039 1.0998 2.32
7056 2.1143 2.8
7057 1.7794 2.14
7124 0.6585 2.13
7126 0.9236 2.71
7127 0.7462 2.0
7164 0.5452 2.02
7165 0.9298 3.33
7300 0.9517 2.13
7301 0.9671 2.05
7312 1.3987 2.09
7400 0.9042 2.49
7402 1.1059 2.79
7403 1.0274 2.37
7404 1.0823 2.32
7444 0.4672 2.34
7447 0.5027 2.37
7448 0.533 2.54
7462 0.8454 2.69
7472 0.8888 2.08
7536 0.7875 2.98
7538 0.5999 2.11
7564 0.7792 2.01
7587 1.2395 2.01
7656 1.0941 2.18
7743 0.4941 2.29
7744 0.4708 2.03
7765 0.8832 2.61
7770 1.0497 2.57
7771 1.1273 2.53
7772 1.1083 2.28
7773 1.1194 2.12
7774 1.2267 2.14
7848 1.1446 2.93
7849 1.0125 2.33
7928 0.5273 2.05
7930 0.6626 2.35
7957 1.1804 2.15
7988 0.9964 3.13
8027 0.8801 2.29
8028 0.8824 2.12
8084 0.6329 2.11
8088 0.6843 2.33
8089 0.6089 2.01
8090 0.6488 2.08
8110 0.7205 2.0
8112 0.9981 2.75
8113 0.9477 2.46
8116 0.9301 2.06
8205 0.9451 2.32
8230 1.1905 2.02
8264 0.7908 2.1
8272 0.8213 2.37
8273 0.7403 2.0
8317 0.939 2.04
8322 1.2255 2.16
8364 0.7341 2.48
8366 0.714 2.19
8414 1.303 2.07
8448 1.1303 2.61
8502 1.0527 2.28
8503 1.0198 2.05
8506 1.2345 2.25
8548 0.8357 3.36
8549 0.674 2.48
8550 0.8452 2.96
8551 0.8162 2.62
8552 0.7051 2.19
8598 1.9135 3.72
8599 1.8123 3.1
8600 1.9257 2.93
8640 1.3099 2.76
8641 1.0569 2.03
8732 1.1922 2.42
8782 1.5912 2.32
8874 1.4128 2.3
8916 0.8211 2.27
8917 0.9184 2.46
8918 1.0434 2.69
8919 1.0261 2.48
8966 1.433 2.54
8969 1.4687 2.24
9008 0.7365 2.29
9046 1.1497 2.0
9184 1.4898 3.17
9268 0.3793 2.24
9270 0.6853 4.08
9271 0.4685 2.44
9274 0.6886 2.95
9275 0.663 2.55
9276 0.9395 3.29
9277 0.6701 2.07
9366 0.6608 2.38
9384 1.1908 3.53
9385 1.3249 3.46
9387 1.1544 2.69
9411 1.1478 2.22
9458 0.8028 3.34
9459 0.7949 2.97
9460 0.8646 2.95
9461 0.9394 2.93
9462 1.2139 3.49
9504 0.6947 2.05
9505 0.7393 2.11
9506 0.8945 2.43
9508 0.9006 2.19
9511 1.4008 2.82
9512 1.2761 2.31
9513 1.2224 2.05
9546 0.6963 2.13
9550 0.7497 2.5
9602 0.8981 2.01
9634 0.7494 3.5
9642 0.6866 2.65
9662 0.7765 2.15
9690 0.7715 2.36
9691 1.0609 3.05
9692 1.1203 2.89
9693 0.9842 2.28
9694 0.953 2.05
9730 0.4285 2.09
9734 0.6756 2.91
9735 0.5518 2.19
9737 0.767 2.78
9782 0.6736 2.33
9784 0.8653 2.74
9785 0.6949 2.0
9787 0.7957 2.04
9826 0.8155 3.08
9827 0.5896 2.01
9877 0.9001 2.1
10002 0.6059 2.27
10006 0.5564 2.11
10010 0.8045 2.6
10011 0.7677 2.31
10056 0.8942 2.42
10057 0.8901 2.27
10058 0.883 2.1
10060 1.2055 2.62
10061 1.1845 2.37
10062 1.1609 2.13
10063 1.2596 2.17
10152 1.1794 2.16
10194 0.6695 2.05
10195 0.7193 2.16
10244 0.9091 2.45
10245 1.0527 2.61
10246 1.0942 2.47
10247 1.4764 3.07
10248 1.3121 2.45
10249 1.2656 2.16
10250 1.2964 2.05
10258 3.8926 3.77
10259 3.7809 3.13
10424 0.9411 2.07
10428 1.1793 2.23
10429 1.1489 2.03
10430 1.3507 2.25
10454 2.0081 2.21
10520 1.0952 2.45
10521 1.0639 2.26
10522 1.0706 2.14
10612 0.9472 2.63
10613 0.9346 2.43
10614 0.8331 2.01
10654 0.5229 2.45
10672 0.6168 2.07
10704 0.8052 2.17
10707 0.8802 2.03
10746 0.5989 2.39
10796 0.8023 2.42
10798 0.8362 2.26
10799 0.8279 2.08
10977 0.712 2.21
10978 0.7817 2.28
10998 0.9311 2.95
11006 0.9642 2.75
11007 0.8063 2.11
11054 0.7297 2.41
11056 0.9036 2.72
11057 0.7882 2.17
11058 0.8139 2.09
11098 0.5798 2.13
11099 0.6186 2.41
11100 0.849 3.22
11101 0.7029 2.48
11102 0.6046 2.07
11148 1.1141 2.26
11149 1.0611 2.05
11151 1.3479 2.34
11190 0.9876 2.08
11231 0.6359 2.02
11233 0.7948 2.35
11234 0.7396 2.05
11235 0.8569 2.25
11237 0.8871 2.04
11238 1.2563 2.71
11239 1.0291 2.02
11240 1.3421 2.46
11241 1.3365 2.24
11242 1.3287 2.04
11281 1.0816 2.51
11282 1.3204 2.93
11286 1.0736 2.12
11328 1.06 3.28
11329 0.7837 2.2
11330 1.0584 2.81
11332 1.2369 2.91
11333 1.2357 2.63
11334 1.2212 2.37
11335 1.2173 2.17
11421 0.8512 2.08
11422 0.9171 2.1
11423 1.0441 2.27
11424 1.206 2.44
11425 1.1363 2.12
11451 1.179 2.07
11452 1.3981 2.36
11516 0.9413 2.54
11517 0.8083 2.02
11518 1.2408 2.95
11519 1.0139 2.18
11520 1.0372 2.09
11521 1.1317 2.15
11554 0.6494 2.25
11556 0.9121 3.21
11557 0.962 3.19
11558 1.2772 3.86
11559 0.8761 2.34
11580 1.3511 2.79
11650 0.7875 3.4
11651 0.7029 2.75
11652 0.5726 2.07
11699 0.8527 2.17
11700 1.0038 2.42
11742 0.7664 3.17
11743 0.6633 2.53
11744 0.6969 2.52
11745 0.6134 2.1
11746 0.6007 2.04
11788 1.5732 4.54
11789 1.0364 2.54
11792 1.0138 2.11
11834 0.8279 3.15
11835 0.8772 3.18
11836 0.7738 2.61
11910 0.7003 2.95
11911 0.7406 2.87
11912 0.7519 2.67
11913 0.7287 2.36
11914 0.674 2.01
11956 0.5352 2.03
11960 0.819 2.58
11961 0.7086 2.05
11962 0.7466 2.03
11998 0.3736 2.06
12002 0.5488 2.83
12003 0.5432 2.62
12004 0.6356 2.9
12005 0.5606 2.39
12050 0.7093 2.06
12052 0.8741 2.37
12054 0.846 2.01
12090 0.6919 2.02
12096 0.8771 2.58
12097 0.8043 2.27
12098 0.7774 2.12
12188 0.6676 2.44
12190 0.6279 2.25
12234 0.8043 2.14
12236 0.9723 2.36
12278 0.5914 3.36
12279 0.5712 3.04
12280 0.6033 3.0
12281 0.6194 2.91
12282 0.5807 2.6
12328 0.83 2.39
12366 0.4558 2.1
12370 0.8805 3.55
12371 0.8594 3.07
12372 0.8129 2.6
12373 0.8549 2.5
12374 0.81 2.19
12462 0.8534 2.72
12463 0.7197 2.18
12464 0.7771 2.28
12465 0.7248 2.05
12466 0.7223 2.0
12508 1.0388 2.71
12554 0.5831 3.09
12555 0.5502 2.7
12556 0.6164 2.82
12557 0.5361 2.29
12558 0.5576 2.26
12600 0.8688 2.1
12602 0.8992 2.0
12646 0.5656 2.12
12647 0.5399 2.01
12652 0.7035 2.52
12653 0.6442 2.1
12738 0.9609 2.7
12739 0.7537 2.03
12741 0.7954 2.14
12830 0.5708 2.08
12831 0.7388 2.65
12832 0.7487 2.55
12833 0.712 2.31
12834 0.7473 2.36
12836 0.7567 2.09
12872 0.8539 2.02
12922 0.857 2.7
12970 0.6532 2.02
12972 0.9318 2.59
12973 0.8518 2.16
12974 0.8692 2.04
13014 0.5977 2.78
13015 0.4763 2.13
13016 0.711 3.12
13017 0.7173 2.87
13018 0.6338 2.39
13020 0.7107 2.28
13064 0.9313 2.02
13106 0.7525 2.23
13108 0.796 2.25
13109 0.7638 2.07
13154 1.0048 2.09
13198 0.6726 2.56
13200 0.5765 2.07
13205 0.7767 2.52
13248 0.5741 2.18
13250 0.5894 2.07
13251 0.6086 2.06
13290 0.3964 2.68
13291 0.4092 2.65
13292 0.3707 2.27
13293 0.3424 2.06
13294 0.3415 2.0
13338 0.5263 2.26
13340 0.8213 3.25
13341 0.7126 2.53
13342 0.7113 2.31
13382 0.3596 2.74
13383 0.3454 2.53
13432 0.4616 3.29
13433 0.5531 3.52
13434 0.551 3.07
13435 0.5657 2.81
13436 0.5357 2.38
13470 0.3138 2.07
13473 0.3343 2.28
13474 0.5042 3.38
13475 0.4315 2.67
13476 0.4786 2.76
13519 0.6054 2.82
13524 0.779 2.92
13525 0.7178 2.44
13526 0.7307 2.28
13566 0.6147 2.56
13567 0.5785 2.37
13658 0.4056 2.19
13708 0.7417 2.41
13709 0.7204 2.18
13710 0.7918 2.26
13711 0.8027 2.17
13750 0.5216 2.76
13798 0.6367 2.39
13800 0.7406 2.5
13842 0.3641 2.71
13844 0.3558 2.66
13845 0.3217 2.3
13846 0.2961 2.1
13881 0.4823 2.24
13885 0.6822 2.7
13892 0.7613 2.19
13934 0.3947 2.49
13940 0.5365 2.91
13941 0.4922 2.41
13953 0.5558 2.01
13984 0.6773 2.1
14022 0.3291 2.01
14023 0.335 2.03
14026 0.545 3.17
14027 0.5252 2.81
14028 0.5245 2.61
14029 0.5139 2.4
14030 0.4785 2.15
14074 0.6631 2.18
14076 0.765 2.3
14118 0.4676 2.6
14119 0.3994 2.1
14120 0.4371 2.28
14164 0.852 2.77
14165 0.7273 2.15
SPREAD 14198 LAST 4.81
39 10.98 2.04
46 12.0 2.15
54 9.59 1.61
55 9.39 1.56
57 29.07 4.67
58 11.49 1.54
59 15.92 2.06
62 22.39 2.78
64 23.42 2.51
92 25.75 3.87
93 11.37 1.51
94 12.48 1.64
95 14.57 1.86
100 27.0 3.1
103 16.05 1.58
104 16.45 1.54
141 23.13 3.79
146 10.74 1.58
148 11.78 1.66
149 16.72 2.26
150 18.01 2.27
155 14.79 1.58
156 19.43 1.97
184 13.2 2.03
186 11.51 1.76
190 14.56 2.3
192 14.38 2.15
193 10.5 1.57
194 10.63 1.53
195 13.96 1.93
196 11.71 1.53
198 12.73 1.6
210 12.51 1.63
211 15.3 2.02
221 13.96 2.21
224 14.87 2.14
227 11.38 1.51
241 13.05 1.88
243 14.56 2.13
246 17.96 2.55
248 11.82 1.53
250 18.65 2.3
283 9.95 2.02
284 26.65 5.12
286 13.0 2.1
288 15.76 2.32
302 20.61 2.59
306 11.89 1.55
329 11.12 1.66
332 22.26 3.18
333 17.33 2.24
334 12.55 1.5
338 16.57 1.89
340 18.24 1.87
341 19.28 1.84
373 12.42 2.34
374 8.56 1.56
376 15.88 2.88
378 11.84 1.99
394 11.34 1.58
395 12.12 1.66
396 13.71 1.8
398 11.56 1.5
407 12.14 1.64
420 10.91 1.73
421 14.74 2.27
422 11.18 1.62
424 12.27 1.73
425 15.41 2.11
427 12.28 1.56
430 13.64 1.64
431 13.58 1.55
432 21.28 2.31
453 16.48 2.29
465 9.54 1.65
468 12.56 2.11
496 10.54 2.2
498 8.11 1.69
511 7.51 1.56
512 8.59 1.73
513 7.82 1.52
516 10.17 1.85
517 12.71 2.32
518 33.0 5.53
520 16.14 2.16
521 12.36 1.55
522 15.61 1.87
523 16.12 1.8
525 17.62 1.78
535 21.19 1.81
552 18.69 2.67
554 11.81 1.54
556 17.92 2.55
557 14.82 2.0
558 32.0 4.05
560 16.95 1.86
566 16.68 1.55
591 13.49 2.0
601 10.14 1.52
603 10.59 1.51
608 20.94 3.09
611 12.58 1.66
612 24.85 3.29
613 14.77 1.72
614 26.07 2.88
616 17.58 1.71
638 12.23 1.54
644 29.76 4.18
647 13.58 1.59
652 14.12 1.65
653 14.11 1.57
670 16.55 2.35
674 12.54 1.86
680 11.94 1.86
699 9.72 1.58
700 15.7 2.46
702 20.2 3.08
703 13.75 1.92
706 14.29 1.8
708 15.56 1.78
709 22.64 2.47
713 19.92 1.8
719 20.4 1.65
730 19.71 1.85
754 10.6 1.71
760 10.39 1.64
763 21.72 3.41
764 16.53 2.31
792 14.36 2.22
794 13.49 2.02
798 20.94 2.84
799 13.82 1.75
800 17.79 2.13
820 15.43 1.66
828 20.0 2.34
837 13.08 1.52
838 19.55 2.18
840 16.9 1.71
846 16.39 1.5
885 11.52 2.18
886 17.16 3.09
887 12.06 2.0
888 16.61 2.62
891 14.88 2.01
896 14.67 1.74
912 12.35 1.9
928 11.13 2.04
934 9.64 1.62
946 10.57 1.84
947 9.37 1.58
950 12.31 2.06
952 15.31 2.47
954 10.9 1.67
976 10.96 1.88
977 15.34 2.52
978 16.16 2.47
981 11.19 1.55
982 15.6 2.08
984 12.77 1.55
985 53.05 6.23
986 33.59 3.07
987 19.99 1.6
988 25.75 1.97
1012 42.46 5.53
1013 30.34 3.23
1014 29.09 2.85
1044 10.53 1.67
1048 10.11 1.7
1052 9.75 1.6
1094 10.87 2.55
1095 7.6 1.7
1099 8.57 1.96
1100 6.86 1.53
1102 13.67 2.92
1105 9.15 1.65
1120 11.92 1.82
1121 11.7 1.72
1130 10.65 1.51
1135 12.73 1.58
1151 10.06 1.67
1152 15.1 2.45
1153 10.93 1.69
1154 16.24 2.47
1156 22.54 3.27
1159 22.35 2.69
1179 13.52 1.57
1188 14.99 2.35
1194 26.42 3.86
1195 22.65 2.84
1196 21.64 2.49
1197 25.38 2.69
1198 19.56 1.88
1200 17.26 1.57
1216 28.33 2.12
1246 41.52 4.6
1247 22.79 2.15
1248 22.45 2.08
1250 21.79 1.87
1251 49.21 3.98
1267 48.87 2.68
1268 55.63 2.85
1278 32.71 1.75
1279 30.17 1.56
1305 20.63 2.18
1314 11.17 1.5
1320 17.36 2.27
1333 10.98 1.6
1334 11.65 1.63
1336 16.27 2.2
1337 12.01 1.52
1340 19.44 2.38
1342 15.13 1.79
1343 19.82 2.22
1351 17.53 1.51
1368 16.42 1.64
1370 23.94 2.4
1373 21.94 2.22
1377 16.67 1.57
1378 31.08 2.82
1398 17.63 2.1
1404 12.45 1.81
1407 41.72 5.65
1408 15.79 1.83
1409 16.7 1.88
1411 15.06 1.54
1432 17.05 1.75
1434 17.73 1.73
1436 17.34 1.61
1438 17.81 1.52
1445 23.03 1.89
1462 25.55 2.66
1463 18.85 1.81
1470 30.07 2.79
1471 18.88 1.62
1493 34.78 2.69
1518 16.07 1.79
1519 15.89 1.7
1520 18.4 1.84
1523 18.94 1.81
1528 18.6 1.61
1531 33.84 2.57
1538 26.88 1.64
1540 27.79 1.65
1542 33.8 1.9
1543 41.04 2.19
1562 53.03 2.36
1597 16.79 1.69
1605 18.91 2.09
1610 13.91 1.54
1611 16.66 1.8
1612 16.35 1.72
1614 21.92 2.2
1615 19.38 1.81
1616 22.75 2.0
1617 28.54 2.36
1618 22.48 1.77
1619 21.13 1.57
1638 45.41 3.92
1639 19.61 1.54
1641 40.32 3.21
1654 33.91 2.23
1656 29.49 1.74
1684 21.48 1.74
1694 32.28 2.45
1704 26.16 1.84
1706 21.55 1.51
1708 33.89 2.35
1710 62.89 4.04
1711 30.04 1.67
1724 39.56 1.9
1731 34.67 1.72
1732 38.34 1.88
1737 36.19 1.65
1738 57.82 2.53
1740 107.82 4.23
1741 59.2 1.98
1742 60.75 1.91
1746 81.74 2.33
1763 44.86 1.58
1774 31.71 1.56
1776 55.39 2.77
1777 44.21 2.03
1786 36.08 1.58
1799 32.61 1.64
1800 43.92 2.13
1802 130.53 5.75
1803 286.88 10.2
1804 153.11 3.69
1805 94.52 1.95
1806 104.74 2.02
1830 71.55 1.85
1838 108.06 3.08
1839 58.14 1.52
1842 117.77 2.87
1843 102.3 2.25
1844 92.45 1.89
1864 60.9 1.54
1868 102.29 2.77
1870 118.62 3.12
1872 93.41 2.16
1873 88.2 1.89
1893 83.27 1.83
1902 85.95 1.78
1904 90.33 1.74
1906 102.86 1.85
1907 124.09 2.12
1908 104.05 1.69
1909 121.01 1.87
1926 106.01 1.66
1930 200.95 3.69
1951 115.87 2.11
1952 98.11 1.72
1953 92.74 1.59
1978 83.87 2.02
1979 65.63 1.55
1980 72.85 1.69
1984 83.81 1.94
1990 107.42 2.2
2014 60.76 1.75
2021 54.02 1.54
2022 64.42 1.77
2056 37.82 1.61
2067 33.74 1.57
2076 35.78 1.68
2078 44.33 2.04
2079 35.15 1.52
2083 39.24 1.61
2088 51.13 1.91
2106 67.03 2.3
2110 41.81 1.5
2114 68.18 2.5
2139 27.32 1.71
2155 30.92 1.84
2163 26.13 1.5
2168 71.35 3.58
2169 47.15 2.11
2170 36.09 1.51
2171 42.96 1.73
2172 75.06 2.86
2177 65.33 1.93
2198 50.78 2.03
2206 45.07 2.1
2207 37.71 1.71
2210 62.54 2.67
2211 48.47 1.92
2212 45.44 1.69
2213 94.72 3.47
2214 69.8 2.24
2215 54.74 1.62
2224 62.37 1.64
2238 51.55 1.91
2241 44.74 1.54
2250 44.78 1.78
2254 52.7 1.91
2256 44.71 1.51
2260 59.53 1.95
2288 45.03 1.9
2290 37.67 1.63
2293 39.55 1.63
2295 75.4 2.96
2296 52.82 1.88
2298 70.19 2.34
2299 58.98 1.83
2346 29.86 1.52
2348 29.71 1.5
2351 32.07 1.65
2352 49.61 2.52
2382 27.44 2.37
2383 49.21 3.97
2384 24.11 1.66
2390 36.64 2.31
2392 46.26 2.56
2393 32.04 1.61
2394 32.47 1.55
2427 29.28 1.92
2439 21.05 1.51
2444 23.29 1.55
2448 22.92 1.62
2457 23.23 1.63
2470 21.72 1.94
2471 17.79 1.53
2474 88.65 7.58
2475 26.87 1.75
2476 27.18 1.67
2480 25.37 1.52
2514 22.74 1.89
2528 23.95 2.06
2532 21.82 1.69
2535 18.65 1.52
2536 25.34 1.99
2537 35.71 2.62
2540 38.42 2.52
2561 17.61 1.53
2567 20.74 2.04
2574 17.31 1.73
2578 22.2 1.98
2593 16.68 1.62
2612 32.07 3.44
2615 18.14 1.76
2618 20.45 1.91
2619 20.95 1.88
2620 48.9 4.25
2623 26.2 1.83
2624 67.77 4.42
2628 40.03 2.01
2658 47.87 4.25
2666 18.19 1.52
2712 13.78 1.78
2714 14.43 1.77
2716 16.88 1.98
2718 16.52 1.91
2719 13.54 1.51
2720 17.86 1.91
2721 21.84 2.19
2722 25.79 2.44
2726 120.26 10.16
2727 88.17 5.02
2728 75.31 3.47
2750 30.05 1.63
2754 34.62 1.99
2758 40.61 2.47
2775 21.59 1.57
2797 23.29 1.72
2808 32.85 2.59
2812 46.89 3.24
2817 36.26 2.08
2819 37.87 2.04
2842 45.05 4.28
2846 22.07 1.85
2856 19.87 1.7
2861 26.07 2.1
2862 20.68 1.56
2866 20.76 1.84
2878 16.9 1.72
2896 13.14 1.72
2906 19.36 2.53
2911 12.14 1.55
2924 13.2 2.01
2925 16.2 2.43
2928 15.86 2.41
2929 10.69 1.51
2931 38.24 5.12
2932 28.37 3.23
2948 27.11 2.27
2949 39.83 3.19
2950 45.25 3.25
2951 24.27 1.55
2954 22.86 1.63
2983 54.39 4.96
2984 59.23 4.45
2986 39.73 2.44
3016 22.08 1.93
3019 22.75 1.86
3048 12.28 1.62
3062 11.94 1.66
3068 14.14 1.93
3070 13.47 1.83
3071 18.84 2.45
3072 16.05 1.93
3074 16.53 1.87
3078 30.76 3.28
3080 16.61 1.52
3097 22.53 2.3
3108 15.3 1.97
3111 14.65 1.67
3112 15.1 1.62
3138 9.63 1.55
3139 9.78 1.57
3149 20.82 3.21
3150 12.63 1.74
3152 12.87 1.68
3154 13.95 1.74
3157 16.27 1.88
3166 25.01 2.57
3168 25.06 2.4
3170 32.36 2.96
3171 22.9 1.92
3173 20.13 1.61
3200 15.63 1.97
3203 15.37 1.87
3207 13.1 1.57
3209 17.77 2.08
3212 14.73 1.64
3218 17.57 1.85
3227 13.67 1.6
3229 13.13 1.54
3233 14.19 1.7
3254 18.55 2.01
3258 14.0 1.52
3259 17.97 1.91
3262 17.1 1.77
3264 74.75 7.14
3265 33.64 2.45
3266 29.56 1.96
3292 49.33 5.69
3295 18.11 1.66
3296 33.92 2.99
3297 24.1 1.9
3298 21.62 1.66
3308 24.03 1.53
3324 16.42 1.81
3325 23.66 2.52
3329 17.05 1.96
3331 14.46 1.57
3346 14.9 1.71
3352 15.68 1.87
3354 25.93 2.87
3356 18.6 1.8
3360 28.62 2.48
3384 27.13 3.14
3385 15.93 1.71
3388 18.1 2.0
3392 40.57 4.12
3393 44.0 3.8
3414 16.88 1.57
3437 21.35 2.58
3439 13.79 1.58
3442 25.42 2.85
3443 35.35 3.7
3444 33.92 3.1
3445 18.9 1.55
3446 29.47 2.3
3469 22.0 2.2
3478 20.18 2.11
3484 32.46 2.87
3491 20.35 1.61
3504 19.12 1.73
3520 12.47 1.5
3524 12.98 1.54
3525 14.31 1.77
3538 22.29 2.54
3539 18.64 1.96
3541 21.81 2.16
3542 21.21 2.01
3556 16.38 1.62
3563 36.33 4.24
3564 15.26 1.56
3568 26.32 2.62
3571 17.93 1.53
3600 12.48 1.69
3604 11.53 1.65
3605 15.62 2.14
3607 14.7 1.85
3619 13.22 1.53
3621 14.25 1.6
3624 17.4 1.85
3630 35.11 3.81
3633 33.52 2.93
3634 35.93 2.85
3646 21.99 1.53
3660 15.83 1.71
3666 19.49 2.14
3670 18.33 2.01
3703 10.5 1.55
3716 28.09 4.64
3717 27.94 3.91
3718 28.37 3.43
3719 14.72 1.56
3722 20.01 1.9
3724 19.78 1.72
3725 25.51 2.11
3728 21.69 1.59
3729 35.77 2.47
3750 16.02 1.88
3752 81.71 9.22
3754 40.72 3.19
3756 23.97 1.65
3757 26.64 1.72
3759 25.62 1.57
3760 32.25 1.88
3761 42.85 2.35
3762 33.9 1.7
3784 21.88 1.77
3790 19.98 1.64
3791 19.8 1.57
3808 28.62 2.15
3809 26.7 1.88
3810 24.78 1.67
3812 31.64 2.17
3813 70.13 4.49
3814 50.57 2.74
3815 31.03 1.51
3816 35.93 1.66
3819 36.94 1.57
3820 54.83 2.25
3844 25.96 1.87
3852 25.0 1.93
3855 27.3 2.03
3856 24.32 1.69
3870 24.97 1.89
3871 42.06 3.05
3872 44.08 2.9
3873 31.52 1.95
3885 76.56 4.0
3892 104.45 4.4
3893 98.33 3.68
3894 70.52 2.34
3896 54.74 1.66
3900 78.3 2.08
3906 84.12 2.04
3951 27.28 1.59
3964 40.0 2.39
3972 24.77 1.57
3989 23.5 1.84
3990 22.14 1.65
3992 25.33 1.77
3995 24.93 1.76
3999 40.84 2.72
4000 31.59 1.9
4001 27.1 1.56
4002 29.62 1.65
4036 16.47 1.6
4043 18.28 1.71
4055 21.23 1.96
4056 35.16 3.11
4057 19.41 1.58
4059 19.76 1.52
4064 20.76 1.66
4084 17.64 1.63
4085 79.01 7.39
4086 23.09 1.64
4087 22.01 1.54
4090 33.23 2.19
4092 59.57 3.59
4128 19.83 1.56
4130 34.68 2.63
4131 26.3 1.84
4157 18.4 2.12
4160 14.81 1.59
4162 16.04 1.62
4170 19.02 1.64
4171 24.57 2.01
4178 48.48 3.48
4179 48.59 3.08
4182 31.28 1.67
4183 44.38 2.28
4212 79.54 7.64
4213 33.44 2.44
4214 58.92 3.99
4215 30.75 1.82
4216 41.2 2.28
4218 61.56 3.1
4220 51.32 2.25
4224 59.48 2.24
4242 29.48 1.62
4246 25.05 1.57
4256 21.86 1.59
4258 29.89 2.03
4274 36.93 2.76
4276 27.99 1.89
4278 34.8 2.26
4279 30.61 1.96
4297 25.31 1.9
4304 30.69 2.89
4305 18.57 1.61
4316 28.73 2.15
4317 25.76 1.81
4319 22.01 1.54
4341 19.13 2.33
4354 20.2 2.23
4356 15.37 1.61
4364 16.8 1.59
4365 29.53 2.72
4367 19.39 1.6
4368 23.27 1.87
4369 20.06 1.53
4372 23.21 1.66
4385 57.78 4.46
4390 21.18 1.59
4405 24.14 1.88
4412 15.48 1.65
4426 14.21 1.74
4428 14.03 1.66
4430 15.14 1.81
4434 13.7 1.69
4437 17.08 2.07
4446 14.88 1.52
4452 15.66 1.54
4454 23.18 2.16
4456 19.77 1.72
4459 27.93 2.39
4462 21.73 1.64
4488 15.64 2.27
4489 11.64 1.61
4490 16.75 2.26
4491 39.71 5.16
4492 20.1 2.16
4496 16.71 1.69
4497 19.36 1.86
4518 13.3 1.52
4522 14.0 1.64
4544 13.32 1.98
4547 11.84 1.67
4549 25.53 3.57
4550 15.55 1.93
4551 13.93 1.62
4552 13.68 1.53
4555 15.25 1.52
4556 35.3 3.4
4577 17.54 1.56
4578 18.01 1.58
4595 15.91 1.62
4610 11.55 1.61
4613 15.46 2.08
4617 18.7 2.4
4620 18.35 2.14
4621 17.64 1.93
4642 15.95 1.55
4643 17.55 1.69
4644 17.21 1.61
4646 16.82 1.51
4647 43.69 3.81
4648 33.0 2.5
4650 26.55 1.8
4651 25.83 1.65
4672 32.73 2.79
4673 22.68 1.84
4676 24.58 1.89
4677 40.62 3.0
4679 26.63 1.76
4680 32.02 2.02
4684 40.12 2.28
4707 17.82 1.99
4710 15.59 1.68
4713 15.6 1.66
4725 20.23 1.74
4727 25.59 2.14
4729 22.08 1.75
4741 21.74 1.62
4764 15.43 1.54
4776 17.66 2.18
4795 13.2 1.63
4796 16.09 1.93
4812 15.49 1.7
4814 17.56 1.89
4826 20.29 2.24
4827 22.13 2.27
4833 21.13 1.92
4834 26.98 2.31
4859 10.23 1.75
4864 11.22 2.16
4865 9.26 1.72
4868 17.82 3.15
4871 10.65 1.64
4875 13.84 1.96
4886 13.75 1.89
4888 13.07 1.68
4895 12.88 1.81
4896 11.08 1.57
4897 13.72 1.93
4899 14.17 1.79
4906 27.53 3.2
4907 21.48 2.31
4908 20.14 2.02
4909 27.52 2.66
4910 27.35 2.38
4911 20.49 1.64
4912 27.3 2.07
4914 27.67 1.85
4916 31.91 1.96
4917 31.72 1.83
4918 35.08 1.92
4939 26.4 2.02
4941 21.49 1.63
4944 24.85 1.86
4962 24.25 1.71
4981 20.62 2.08
4982 39.88 3.85
4983 40.67 3.65
4984 21.69 1.76
4985 25.0 1.94
4986 35.77 2.62
4987 28.1 1.87
4988 39.02 2.43
4990 35.43 1.95
4991 32.95 1.69
4992 33.09 1.59
5004 43.91 1.61
5006 58.02 2.04
5007 54.7 1.85
5008 71.81 2.32
5009 58.41 1.79
5011 82.82 2.41
5052 40.96 2.43
5054 27.65 1.72
5055 26.94 1.62
5060 30.26 1.69
5071 24.71 1.55
5074 28.4 1.85
5082 23.38 1.71
5083 23.38 1.62
5092 29.48 1.63
5102 29.14 1.54
5103 52.53 2.73
5104 36.56 1.76
5105 37.43 1.72
5123 51.86 1.88
5132 66.45 2.84
5139 41.51 1.64
5140 47.97 1.8
5142 107.92 3.77
5143 51.74 1.6
5144 94.29 2.91
5147 56.2 1.52
5165 71.08 2.5
5166 67.2 2.23
5167 67.2 2.13
5168 95.88 2.98
5169 61.35 1.75
5170 86.71 2.35
5178 83.73 1.79
5184 194.62 3.83
5185 106.17 1.81
5224 60.25 2.28
5233 55.39 2.27
5234 56.35 2.16
5235 43.79 1.62
5236 46.07 1.63
5238 47.03 1.62
5254 52.95 1.88
5276 68.82 3.2
5279 36.98 1.67
5282 44.91 1.98
5300 38.08 1.66
5313 85.34 5.0
5322 42.08 1.96
5348 23.99 1.9
5354 18.61 1.56
5356 23.64 2.02
5363 27.35 2.0
5373 39.04 3.03
5374 32.71 2.26
5376 30.09 1.96
5385 36.59 2.08
5400 52.94 3.36
5406 30.18 1.81
5410 26.8 1.5
5416 29.55 1.5
5437 21.96 2.04
5439 45.45 3.9
5440 32.05 2.4
5441 25.79 1.8
5450 25.26 1.51
5464 29.09 1.67
5481 53.31 2.79
5496 62.39 3.43
5497 36.53 1.79
5499 36.84 1.67
5530 32.43 2.81
5532 20.96 1.66
5557 17.17 1.65
5560 20.15 1.81
5561 23.49 2.0
5563 20.62 1.66
5564 32.85 2.59
5567 51.03 3.51
5568 32.24 1.92
5569 34.6 1.92
5592 50.63 3.3
5596 32.76 1.83
5600 33.49 1.79
5601 44.17 2.23
5610 40.21 1.78
5646 27.66 2.4
5647 24.68 2.04
5654 30.65 2.33
5655 31.39 2.21
5662 26.42 1.57
5692 17.99 1.5
5693 35.69 2.88
5694 30.77 2.25
5697 42.29 2.85
5698 41.62 2.54
5734 31.39 2.95
5736 22.7 2.06
5737 33.58 2.91
5738 24.37 1.93
5740 23.37 1.69
5747 24.52 1.56
5758 36.35 2.05
5777 23.37 1.69
5778 25.34 1.74
5779 25.1 1.79
5785 19.54 1.5
5786 22.69 1.68
5788 35.04 2.41
5790 27.21 1.73
5807 19.67 1.5
5809 18.88 1.53
5811 24.5 2.11
5814 25.62 2.06
5815 23.24 1.77
5833 20.89 1.58
5834 23.81 1.74
5835 29.32 2.16
5840 22.86 1.61
5841 24.35 1.65
5858 24.13 1.7
5869 21.41 1.89
5872 18.62 1.55
5880 62.35 5.16
5881 66.2 4.56
5882 59.92 3.47
5886 35.55 1.66
5898 50.26 2.23
5899 49.73 2.03
5900 43.26 1.63
5922 24.98 1.54
5927 26.46 1.67
5928 33.2 2.03
5931 50.93 2.87
5934 40.87 1.95
5960 50.88 4.3
5963 45.82 3.52
5964 23.6 1.62
5965 25.44 1.68
5969 28.52 1.77
5977 35.24 1.82
5999 25.77 2.11
6020 15.42 1.6
6022 18.16 1.85
6023 19.88 1.9
6024 31.0 2.79
6026 19.62 1.52
6028 22.91 1.69
6052 18.76 2.22
6060 11.56 1.51
6064 39.74 5.91
6065 19.79 2.4
6066 33.71 3.77
6067 30.95 2.98
6081 27.37 2.13
6092 21.34 1.98
6093 33.68 3.01
6098 21.42 1.58
6101 22.63 1.5
6104 27.26 1.87
6114 27.9 1.81
6116 37.63 2.26
6117 39.95 2.23
6137 36.0 2.28
6139 33.15 2.2
6144 33.41 2.25
6146 67.04 4.31
6147 57.88 3.13
6175 22.91 1.86
6179 19.68 1.77
6185 21.32 1.82
6190 26.97 2.1
6201 37.0 2.74
6209 24.02 1.58
6211 32.84 2.13
6225 27.4 1.8
6236 23.6 1.89
6248 22.6 1.94
6249 20.5 1.72
6267 18.57 1.7
6272 21.92 2.2
6273 19.12 1.79
6274 22.69 2.0
6292 17.72 1.73
6296 17.83 2.01
6298 26.84 2.84
6299 17.16 1.69
6302 20.22 1.79
6306 19.72 1.58
6336 13.01 1.52
6342 16.91 2.19
6343 13.33 1.64
6344 16.99 2.01
6370 11.32 1.52
6371 13.55 1.84
6373 16.19 2.05
6377 14.29 1.66
6386 21.12 2.53
6394 20.96 2.08
6398 22.91 2.03
6420 55.69 6.75
6421 39.25 3.84
6431 20.84 1.61
6432 26.02 1.89
6456 13.98 1.78
6459 11.86 1.5
6462 15.42 2.03
6464 12.83 1.55
6474 18.31 2.23
6476 16.43 1.84
6477 14.14 1.56
6483 23.3 2.37
6485 18.76 1.8
6488 19.54 1.68
6497 20.36 1.56
6522 14.42 2.01
6524 14.52 1.99
6527 12.32 1.64
6547 14.31 2.07
6548 15.38 2.19
6549 23.88 3.24
6562 33.12 3.49
6574 23.34 2.33
6578 19.44 1.72
6588 24.1 2.08
6604 13.83 1.81
6616 24.35 3.56
6617 29.33 3.8
6634 15.4 1.6
6640 13.06 1.61
6648 26.85 3.26
6672 16.13 1.93
6673 13.43 1.54
6674 19.39 2.19
6696 12.05 1.81
6697 10.52 1.55
6699 11.02 1.65
6706 16.88 2.62
6710 14.32 1.94
6729 11.02 1.64
6733 12.53 1.86
6736 14.69 2.05
6752 11.5 1.58
6758 11.32 1.67
6759 34.65 4.96
6760 20.31 2.42
6762 27.67 2.94
6764 24.68 2.34
6799 7.47 1.55
6800 26.32 5.31
6801 16.99 2.84
6803 16.19 2.39
6808 13.19 1.7
6826 12.26 1.92
6828 10.22 1.55
6830 12.6 1.97
6843 13.11 1.82
6845 16.31 2.1
6847 26.07 3.24
6848 54.51 6.07
6849 33.48 2.99
6850 25.15 1.99
6851 29.94 2.25
6852 24.62 1.7
6878 13.12 1.56
6880 36.14 4.54
6886 32.44 3.35
6887 18.48 1.7
6892 22.9 1.87
6910 16.56 1.96
6917 11.54 1.54
6935 16.26 2.32
6937 18.22 2.44
6940 17.48 2.26
6941 14.03 1.69
6946 17.19 1.72
6947 22.47 2.18
6972 12.88 2.3
6980 10.52 1.9
6981 9.81 1.75
6984 11.66 1.9
6986 9.71 1.53
7002 10.16 1.6
7003 13.63 2.11
7004 15.17 2.2
7008 13.04 1.8
7012 13.0 1.63
7013 14.19 1.72
7024 14.86 1.86
7026 11.86 1.53
7029 12.47 1.66
7030 25.83 3.31
7032 19.19 2.21
7033 15.59 1.73
7034 22.54 2.49
7035 17.09 1.75
7038 31.34 2.93
7039 22.16 1.85
7040 23.03 1.8
7050 25.41 1.55
7058 46.29 3.05
7060 33.36 2.15
7093 15.46 2.41
7112 12.01 1.92
7118 11.41 1.99
7121 12.57 2.04
7124 11.53 1.7
7125 13.71 1.92
7126 14.36 1.91
7128 15.2 1.84
7130 14.58 1.64
7156 10.51 1.7
7164 29.37 4.98
7165 48.46 6.74
7172 18.25 1.72
7186 15.04 1.59
7198 12.78 1.65
7204 16.51 1.95
7211 16.14 1.85
7212 19.01 2.1
7216 16.94 1.74
7219 17.01 1.69
7232 28.88 2.71
7234 40.89 3.6
7235 46.64 3.63
7260 14.23 1.93
7261 12.88 1.72
7262 11.93 1.53
7265 14.22 1.77
7293 14.52 1.76
7300 25.51 3.31
7301 24.68 2.86
7310 20.23 2.03
7312 33.27 3.0
7336 12.08 1.73
7340 24.05 3.92
7351 17.72 2.7
7352 17.74 2.47
7362 14.31 1.78
7383 9.17 1.67
7397 10.59 1.81
7398 10.73 1.77
7402 13.65 2.02
7406 13.22 1.77
7407 17.52 2.24
7432 9.78 2.13
7440 9.57 2.62
7441 7.46 1.89
7444 6.41 1.56
7446 7.63 1.74
7447 18.51 4.12
7448 11.58 2.2
7460 19.32 3.2
7462 34.46 5.25
7464 17.04 2.02
7465 17.72 1.98
7472 18.91 1.9
7486 31.75 3.21
7487 18.54 1.69
7488 26.9 2.34
7489 24.42 2.0
7492 23.47 1.72
7531 7.57 1.57
7532 15.18 3.12
7533 9.28 1.75
7536 24.38 4.34
7538 12.76 1.88
7539 11.21 1.57
7540 17.53 2.36
7560 12.2 1.63
7561 11.79 1.63
7566 11.67 1.57
7569 14.95 1.93
7583 18.02 2.1
7585 17.12 1.86
7586 26.08 2.67
7587 19.92 1.9
7604 27.66 2.24
7606 20.32 1.54
7607 22.83 1.77
7629 15.23 2.26
7630 10.55 1.5
7634 14.14 2.02
7646 13.23 1.63
7651 16.94 2.09
7656 32.39 3.7
7665 17.96 1.74
7708 11.41 1.7
7716 10.3 1.86
7724 14.72 2.74
7739 10.61 1.69
7745 12.89 1.98
7761 11.86 1.54
7764 15.5 1.95
7765 25.05 2.98
7766 14.35 1.59
7770 22.33 2.53
7771 29.94 3.11
7772 35.83 3.34
7800 21.51 2.86
7809 12.83 1.55
7812 17.97 2.14
7816 15.08 1.6
7817 16.67 1.69
7829 17.48 1.78
7839 12.97 1.52
7848 38.37 4.64
7849 19.25 1.94
7850 20.91 2.08
7857 16.12 1.52
7860 19.14 1.73
7865 22.51 1.8
7869 40.89 3.1
7871 22.77 1.63
7872 24.69 1.68
7900 10.99 1.91
7901 14.31 2.4
7904 14.37 2.25
7920 14.27 2.1
7922 11.86 1.83
7924 10.39 1.58
7925 11.1 1.74
7926 13.32 1.99
7944 13.26 1.68
7948 12.65 1.65
7949 13.03 1.64
7952 16.9 2.09
7956 13.66 1.54
7957 20.84 2.26
7984 10.25 1.84
7987 30.03 5.55
7988 21.36 3.26
7993 15.99 2.04
7997 16.24 1.75
8015 14.59 1.79
8021 12.7 1.57
8027 24.97 3.11
8028 19.61 2.18
8038 17.36 1.57
8040 22.61 1.92
8041 28.29 2.3
8044 23.66 1.84
8084 10.92 1.88
8085 9.18 1.52
8088 25.99 3.96
8089 12.85 1.74
8090 15.9 2.05
8092 15.16 1.8
8110 34.03 4.75
8112 18.77 2.29
8113 12.71 1.52
8120 14.56 1.52
8133 13.8 1.57
8134 14.46 1.64
8136 19.07 2.06
8137 15.36 1.59
8141 18.4 1.76
8145 19.78 1.75
8153 31.27 2.37
8166 19.01 1.57
8167 19.25 1.52
8168 22.24 1.71
8180 18.89 1.77
8200 17.97 1.9
8205 21.48 2.3
8224 15.98 1.93
8226 29.03 3.69
8230 17.55 1.9
8232 30.47 3.01
8233 17.34 1.53
8260 22.03 4.57
8261 14.34 2.58
8268 11.2 1.71
8269 10.74 1.6
8271 22.55 3.06
8272 25.38 3.08
8273 15.89 1.71
8275 15.96 1.55
8290 18.71 1.65
8292 17.84 1.56
8306 13.19 1.59
8317 27.81 3.89
8319 15.14 1.8
8320 23.07 2.64
8321 15.33 1.63
8322 17.7 1.8
8324 19.9 1.83
8326 18.55 1.6
8352 11.05 1.89
8355 11.11 2.05
8359 14.33 2.46
8360 11.32 1.77
8361 20.6 3.07
8363 13.6 1.8
8364 13.3 1.66
8365 17.67 2.09
8366 18.5 2.01
8402 15.22 1.84
8409 13.28 1.69
8410 18.93 2.3
8412 21.62 2.38
8413 16.15 1.65
8414 18.02 1.76
8415 24.61 2.28
8416 19.01 1.63
8421 27.73 2.05
8444 18.9 2.88
8445 17.67 2.51
8452 12.06 1.51
8479 13.02 1.75
8492 11.79 1.52
8501 11.12 1.61
8502 11.64 1.63
8506 17.9 2.27
8507 13.73 1.61
8544 9.93 1.96
8545 7.83 1.52
8546 10.36 1.97
8548 22.74 4.3
8550 11.21 1.77
8551 11.85 1.78
8555 13.51 1.78
8558 15.62 1.83
8560 14.03 1.54
8561 25.61 2.65
8574 15.79 1.54
8575 18.81 1.78
8597 16.43 1.99
8598 23.17 2.66
8599 15.44 1.65
8628 12.02 1.87
8634 18.52 3.08
8636 11.15 1.6
8637 28.79 4.08
8638 17.17 2.07
8640 23.71 2.57
8641 17.63 1.73
8643 17.31 1.57
8658 26.47 2.14
8664 20.25 1.74
8690 31.3 2.43
8691 30.66 2.22
8692 25.26 1.7
8720 28.08 3.54
8728 19.59 2.11
8729 19.05 1.91
8730 38.36 3.69
8731 36.07 3.01
8732 26.51 1.97
8735 24.39 1.59
8774 31.57 3.5
8775 15.03 1.51
8778 19.7 1.93
8783 20.36 1.75
8786 24.4 1.88
8804 29.7 2.82
8816 13.31 1.81
8820 12.8 1.67
8821 17.19 2.12
8825 14.25 1.81
8826 16.94 2.08
8841 14.34 1.53
8851 17.35 1.99
8852 16.73 1.86
8862 17.63 1.8
8863 17.03 1.68
8868 19.4 1.91
8872 22.68 2.24
8873 35.18 3.38
8874 30.91 2.67
8875 37.02 2.91
8876 21.87 1.56
8910 10.83 1.75
8912 11.04 1.7
8913 21.08 3.08
8916 18.12 2.38
8917 24.11 2.91
8918 21.18 2.38
8919 25.26 2.59
8922 22.96 2.06
8965 16.04 1.89
8968 18.17 2.1
8969 34.52 3.73
8970 21.97 2.11
8971 20.5 1.88
8973 28.71 2.45
8996 10.23 1.78
9004 8.79 1.59
9005 15.98 2.79
9008 20.21 3.34
9009 10.57 1.54
9012 14.15 1.82
9013 13.5 1.64
9036 17.43 2.1
9045 24.06 2.63
9055 16.14 1.65
9059 26.29 2.56
9064 18.69 1.61
9072 17.47 1.64
9073 20.23 1.8
9079 18.67 1.71
9099 13.52 2.42
9100 13.03 2.44
9102 8.73 1.53
9119 27.09 3.96
9120 14.64 1.95
9142 11.66 1.59
9145 15.02 1.9
9148 13.71 1.59
9150 16.51 1.85
9152 20.24 2.14
9180 24.62 3.91
9184 11.72 1.62
9187 12.86 1.85
9191 13.3 1.8
9192 15.86 2.0
9193 13.12 1.59
9217 8.79 1.53
9236 13.28 2.45
9238 10.4 1.78
9240 9.92 1.69
9260 7.36 1.52
9267 13.26 2.88
9268 13.52 2.65
9270 11.94 2.23
9271 12.29 2.19
9272 9.73 1.61
9273 12.19 1.9
9276 16.66 2.3
9299 9.11 1.52
9301 13.88 2.15
9302 11.9 1.73
9308 13.12 1.73
9310 12.61 1.56
9316 19.47 2.25
9325 17.15 1.71
9354 45.2 7.45
9357 12.74 1.6
9360 15.82 1.86
9384 17.27 2.54
9387 12.26 1.64
9404 15.26 1.84
9405 24.41 2.97
9409 19.84 2.12
9411 38.97 3.87
9414 28.06 2.32
9415 19.83 1.51
9416 21.29 1.55
9418 29.46 1.99
9446 10.58 1.89
9455 10.03 1.81
9456 9.62 1.71
9458 20.93 3.43
9459 23.23 3.35
9461 13.46 1.65
9462 16.24 1.9
9468 16.97 1.69
9476 18.54 1.59
9496 14.35 1.57
9497 14.32 1.6
9503 13.38 1.56
9504 19.06 2.18
9505 32.08 3.46
9510 46.32 4.08
9511 22.33 1.66
9548 7.16 1.51
9550 23.0 4.76
9551 15.45 2.7
9569 12.01 1.59
9571 11.63 1.59
9576 13.32 1.8
9582 17.27 2.23
9602 17.51 1.78
9603 19.09 1.94
9604 16.79 1.63
9605 33.81 3.14
9606 30.82 2.58
9608 22.59 1.66
9630 17.49 2.51
9642 15.27 2.15
9652 14.29 1.82
9664 13.35 1.76
9689 11.88 1.55
9690 31.64 4.09
9691 27.17 3.1
9692 19.77 2.02
9693 21.22 2.04
9728 6.97 1.58
9729 6.69 1.59
9730 8.58 2.08
9731 12.9 2.96
9732 12.16 2.52
9734 18.26 3.31
9735 11.53 1.84
9736 10.17 1.51
9737 19.4 2.73
9755 15.96 1.82
9779 10.28 1.82
9780 11.88 2.05
9781 12.6 2.04
9782 13.22 2.06
9785 11.64 1.66
9786 15.71 2.13
9787 14.9 1.93
9817 8.38 1.66
9818 14.34 2.69
9819 15.28 2.67
9820 12.51 2.01
9824 15.46 2.32
9826 20.35 2.95
9847 12.06 1.61
9850 12.25 1.6
9851 13.8 1.76
9857 17.54 2.05
9858 17.22 1.86
9862 26.26 2.57
9875 17.72 1.69
9876 26.42 2.4
9877 23.83 1.97
9906 10.64 1.89
9907 11.82 2.03
9909 16.49 2.71
9913 11.28 1.73
9914 12.49 1.82
9918 24.16 3.11
9919 14.07 1.64
9959 18.06 2.49
9961 23.25 2.95
9962 22.37 2.58
9969 20.0 2.01
9973 18.39 1.6
9999 6.59 1.51
10001 7.41 1.66
10002 10.17 2.18
10004 7.61 1.56
10006 10.85 2.13
10008 10.72 1.92
10010 17.14 2.86
10011 15.84 2.44
10012 14.27 2.0
10016 13.62 1.63
10031 18.0 2.16
10053 11.28 1.76
10055 14.27 2.27
10056 25.78 3.94
10057 44.22 5.94
10058 20.74 2.2
10059 17.29 1.69
10060 23.61 2.2
10061 26.05 2.25
10065 21.95 1.56
10090 25.79 2.6
10094 17.28 1.6
10102 19.28 1.82
10104 27.53 2.42
10120 45.0 4.08
10136 23.57 1.94
10142 21.22 1.92
10143 18.54 1.64
10190 8.5 1.55
10194 9.54 1.64
10195 15.69 2.68
10212 19.52 2.65
10222 15.4 1.94
10227 12.25 1.51
10243 11.78 1.71
10245 36.97 5.0
10246 16.28 1.86
10247 18.07 1.95
10248 35.97 3.75
10249 22.13 2.0
10251 19.75 1.66
10252 18.95 1.5
10254 22.61 1.68
10256 31.24 2.11
10277 17.48 2.03
10279 13.6 1.57
10280 13.3 1.5
10281 14.23 1.56
10284 20.15 2.14
10285 21.13 2.14
10286 31.7 3.02
10287 19.34 1.7
10288 22.42 1.86
10314 26.03 2.84
10326 22.61 1.94
10332 36.34 2.7
10333 27.19 1.83
10336 37.12 2.43
10341 34.0 2.01
10366 22.63 2.14
10367 21.1 1.89
10368 24.74 2.1
10369 21.64 1.74
10370 29.61 2.25
10371 39.72 2.92
10374 23.39 1.56
10384 30.01 1.57
10396 24.97 1.69
10420 14.27 1.67
10422 14.15 1.6
10423 20.79 2.26
10424 19.76 2.07
10425 15.27 1.52
10429 19.1 1.75
10430 32.79 2.86
10431 28.79 2.25
10439 28.12 1.8
10443 27.83 1.73
10444 68.53 4.17
10467 23.3 1.7
10468 26.33 1.88
10470 28.41 1.98
10496 14.38 1.7
10497 20.56 2.38
10499 21.37 2.25
10507 19.51 1.84
10520 27.45 2.59
10525 31.42 2.56
10527 22.84 1.64
10550 48.67 5.52
10551 22.44 2.16
10562 14.83 1.52
10563 17.32 1.69
10564 18.29 1.72
10580 20.19 2.41
10589 12.78 1.74
10592 17.58 2.37
10607 13.45 1.87
10608 11.58 1.53
10612 16.63 2.17
10614 15.76 2.04
10651 8.85 1.64
10653 10.35 1.83
10654 10.47 1.74
10664 13.21 1.95
10672 14.83 2.19
10694 9.92 1.66
10702 12.88 2.07
10703 11.88 1.83
10707 17.79 2.52
10708 15.13 2.0
10713 21.47 2.62
10742 11.44 2.75
10746 15.23 3.22
10747 8.75 1.67
10753 9.19 1.61
10759 10.07 1.72
10765 9.85 1.54
10792 8.67 1.64
10794 10.23 1.9
10796 9.37 1.64
10798 10.34 1.78
10799 21.3 3.49
10800 16.76 2.48
10801 24.59 3.4
10803 13.01 1.56
10812 21.57 2.3
10814 102.68 10.05
10815 25.4 1.71
10816 57.47 3.65
10817 54.04 2.98
10818 35.65 1.74
10819 38.9 1.78
10856 15.46 1.75
10858 13.87 1.51
10864 14.47 1.73
10869 16.26 1.84
10878 15.27 1.68
10882 17.73 1.95
10883 14.97 1.57
10884 17.36 1.74
10890 19.43 1.83
10891 18.85 1.7
10910 15.14 1.53
10922 14.35 2.05
10926 13.76 1.92
10938 11.13 1.52
10941 16.75 2.2
10944 13.98 1.71
10950 14.49 1.59
10953 16.09 1.67
10977 32.77 4.32
10978 18.71 2.17
10994 20.8 2.36
11000 14.98 2.03
11002 22.54 2.96
11005 25.62 2.93
11006 20.12 2.1
11038 13.59 2.02
11046 10.57 1.56
11053 12.57 1.86
11055 11.59 1.63
11056 11.7 1.58
11057 18.22 2.36
11058 16.97 2.04
11059 14.97 1.76
11065 15.44 1.55
11093 8.17 2.11
11094 13.99 3.41
11095 7.04 1.53
11096 11.34 2.43
11098 13.66 2.68
11099 14.92 2.64
11100 25.18 4.09
11101 13.04 1.83
11102 14.26 1.93
11113 25.52 2.39
11114 22.21 1.92
11142 14.49 1.5
11147 14.21 1.54
11148 18.71 1.95
11149 15.84 1.62
11179 10.35 1.67
11180 11.53 1.79
11182 9.46 1.51
11184 17.49 2.92
11185 14.75 2.22
11186 17.83 2.51
11187 15.83 2.07
11190 29.38 3.6
11191 17.52 1.91
11194 16.37 1.61
11196 24.82 2.24
11210 22.06 1.78
11230 13.85 1.5
11233 17.09 2.01
11234 13.62 1.54
11235 35.24 3.81
11237 30.02 2.73
11238 28.92 2.43
11240 44.13 3.31
11241 32.8 2.17
11258 33.87 1.99
11276 20.53 1.97
11280 14.79 1.54
11281 22.64 2.33
11282 23.87 2.28
11284 18.84 1.66
11286 19.61 1.62
11287 23.81 1.95
11290 23.12 1.7
11293 26.6 1.77
11328 28.73 3.27
11329 15.91 1.69
11330 22.27 2.38
11332 17.82 1.82
11333 18.06 1.76
11334 22.39 2.11
11339 34.54 2.75
11364 12.08 1.53
11374 15.39 1.89
11380 18.07 2.01
11395 16.7 1.74
11407 16.48 1.97
11420 13.77 1.67
11421 22.27 2.61
11422 22.66 2.41
11423 15.32 1.51
11424 17.14 1.61
11425 19.57 1.73
11453 20.1 3.06
11454 17.06 2.46
11455 17.4 2.3
11463 13.81 1.59
11464 21.41 2.36
11466 20.68 2.02
11496 12.02 1.55
11497 13.68 1.72
11501 19.79 2.28
11510 14.61 1.67
11518 27.76 2.84
11519 28.35 2.66
11552 8.48 1.58
11554 11.9 2.09
11556 15.8 2.54
11557 14.02 2.03
11558 45.18 6.32
11559 30.77 3.39
11562 21.11 1.95
11579 29.65 2.67
11580 23.14 2.1
11586 15.6 1.52
11603 13.84 1.94
11606 16.55 2.17
11607 14.34 1.87
11608 14.25 1.76
11610 23.46 2.77
11611 20.28 2.18
11635 8.63 1.62
11638 8.08 1.62
11648 9.87 1.81
11650 20.85 3.53
11651 10.38 1.56
11652 13.28 1.9
11670 13.84 1.72
11674 13.55 1.89
11675 12.12 1.65
11689 11.75 1.5
11690 21.66 2.66
11691 13.05 1.53
11694 14.19 1.6
11699 26.02 2.94
11700 58.43 6.05
11701 23.04 1.89
11704 23.84 1.66
11725 19.93 2.75
11738 15.22 2.23
11741 13.41 1.76
11742 17.99 2.24
11743 15.67 1.82
11763 12.67 1.52
11768 14.78 1.83
11786 12.57 1.59
11788 76.08 9.27
11789 22.56 2.0
11792 28.05 2.3
11795 22.31 1.61
11828 11.12 1.72
11830 14.11 2.09
11833 15.49 2.31
11834 32.82 4.53
11835 20.32 2.44
11836 16.23 1.8
11858 9.94 1.6
11882 14.7 2.52
11886 11.79 1.94
11898 13.71 2.26
11903 15.35 2.43
11905 19.57 2.85
11906 14.99 1.97
11908 13.19 1.65
11909 14.3 1.69
11910 20.03 2.27
11913 18.08 1.76
11936 13.17 1.86
11955 12.45 2.08
11956 14.8 2.33
11958 11.5 1.72
11961 13.79 1.94
11962 13.59 1.81
11964 13.36 1.66
11997 6.93 1.67
11999 8.78 2.1
12000 14.5 3.31
12001 8.54 1.81
12002 10.14 2.04
12003 17.02 3.3
12004 10.08 1.74
12030 14.7 2.03
12036 12.15 1.59
12043 12.32 1.73
12046 20.03 2.55
12050 18.34 2.07
12052 17.01 1.85
12053 23.91 2.51
12073 17.59 2.24
12074 24.65 3.27
12075 14.94 1.84
12082 12.42 1.59
12086 12.15 1.52
12092 22.87 2.55
12094 19.73 2.04
12102 16.47 1.67
12123 40.24 5.92
12124 31.37 3.69
12125 23.94 2.45
12136 24.65 2.13
12148 26.95 2.19
12182 11.89 1.67
12183 16.2 2.28
12186 14.17 2.02
12188 12.9 1.68
12192 12.04 1.5
12206 18.33 2.1
12228 10.57 1.58
12230 14.15 2.12
12232 15.61 2.25
12234 14.49 1.96
12238 15.49 1.9
12274 6.29 1.58
12275 6.86 1.78
12276 9.64 2.47
12277 7.47 1.79
12278 12.13 2.76
12279 7.36 1.53
12280 14.68 2.98
12281 12.55 2.29
12282 12.84 2.17
12304 9.16 1.62
12319 8.12 1.51
12320 11.56 2.11
12322 16.67 2.81
12323 13.13 2.01
12327 21.14 3.0
12328 15.63 2.0
12332 35.1 4.01
12333 16.28 1.59
12357 9.41 1.99
12358 22.87 4.75
12360 8.61 1.52
12361 11.71 2.04
12366 10.33 1.5
12367 13.5 1.89
12368 14.42 1.89
12370 15.84 1.9
12373 20.53 2.09
12386 18.41 1.9
12408 21.74 2.88
12409 13.38 1.68
12420 12.28 1.64
12421 16.4 2.09
12422 17.33 2.07
12423 34.62 3.82
12424 16.98 1.61
12433 17.41 1.56
12457 9.43 1.76
12458 21.1 3.87
12459 11.69 1.87
12460 12.56 1.99
12462 12.45 1.88
12464 11.36 1.58
12465 13.49 1.83
12466 12.03 1.55
12480 11.76 1.57
12494 10.57 1.79
12506 10.76 1.68
12508 71.87 10.81
12509 26.23 2.65
12518 22.04 1.61
12532 16.68 1.56
12556 18.26 3.1
12570 10.82 1.51
12572 14.85 2.1
12596 10.26 1.63
12600 27.61 4.61
12601 10.61 1.51
12602 12.37 1.7
12603 12.56 1.69
12610 19.75 2.27
12620 16.15 1.51
12645 17.25 3.28
12646 9.93 1.78
12647 11.71 2.02
12648 9.56 1.61
12650 8.93 1.5
12652 11.9 1.89
12674 8.66 1.59
12675 8.56 1.51
12688 12.65 2.53
12689 15.2 2.91
12690 15.68 2.74
12691 19.51 3.12
12692 29.24 4.14
12693 18.51 2.24
12694 23.38 2.63
12695 14.95 1.55
12696 26.75 2.69
12703 24.37 1.84
12733 10.08 1.77
12737 10.05 1.81
12741 13.52 2.35
12744 13.53 2.22
12746 13.97 2.06
12747 20.18 2.79
12758 16.18 1.89
12784 22.99 3.9
12786 16.2 2.33
12788 39.81 5.39
12789 16.2 1.78
12794 16.55 1.6
12818 13.1 2.23
12826 16.61 2.84
12827 11.62 1.81
12829 11.69 1.76
12830 14.81 2.13
12837 15.28 1.81
12856 14.5 2.32
12872 19.14 3.18
12874 13.76 1.98
12886 15.07 1.98
12904 12.85 2.12
12913 8.94 1.8
12914 9.74 1.87
12918 9.02 1.6
12919 10.88 1.87
12920 10.07 1.7
12922 12.22 1.92
12928 17.11 2.43
12931 14.92 1.85
12940 12.23 1.6
12967 10.16 1.88
12968 12.65 2.24
12969 9.43 1.6
12971 11.56 1.86
12972 12.79 1.97
12974 14.34 2.0
12976 11.76 1.5
12991 15.81 2.26
13010 16.28 3.58
13012 13.09 2.8
13013 8.12 1.59
13014 24.95 4.7
13015 10.24 1.63
13016 10.21 1.56
13022 11.51 1.53
13035 18.14 2.9
13040 12.16 1.86
13060 9.65 1.6
13061 20.23 3.43
13062 13.17 1.98
13064 15.03 2.05
13065 13.35 1.71
13094 18.18 3.5
13096 10.08 1.73
13101 11.64 1.9
13108 17.54 2.33
13130 17.66 2.85
13132 17.5 2.57
13148 11.54 1.54
13151 13.08 1.77
13154 23.12 3.1
13155 18.68 2.27
13157 16.2 1.74
13194 8.8 2.47
13195 6.64 1.74
13198 10.37 2.65
13200 9.21 2.26
13201 8.77 2.06
13205 19.03 3.92
13206 9.35 1.65
13222 12.33 1.87
13241 10.26 1.76
13246 13.77 2.45
13248 12.13 2.03
13249 20.37 3.26
13250 12.77 1.84
13251 13.58 1.89
13254 14.67 1.83
13278 12.95 2.71
13279 7.94 1.51
13281 9.08 1.66
13286 22.43 3.75
13287 24.85 3.58
13317 10.54 1.89
13326 9.9 1.63
13334 11.41 1.84
13339 11.2 1.78
13340 13.74 2.05
13341 19.28 2.72
13378 12.38 2.86
13379 8.62 1.8
13381 7.96 1.58
13383 12.84 2.45
13400 11.0 1.92
13410 12.17 2.46
13416 10.94 1.97
13417 15.22 2.58
13432 12.64 1.69
13435 15.24 1.86
13438 13.95 1.72
13463 7.92 1.77
13464 7.09 1.51
13469 7.24 1.52
13470 8.79 1.79
13471 9.27 1.79
13474 11.6 2.07
13476 15.77 2.52
13492 9.99 1.56
13512 8.17 1.71
13518 7.52 1.74
13519 14.79 3.35
13520 13.49 2.71
13522 11.4 2.06
13523 9.44 1.62
13525 13.59 2.2
13526 12.85 1.91
13527 11.21 1.55
13537 17.52 1.97
13538 23.46 2.47
13542 45.04 4.42
13543 20.0 1.69
13544 34.34 2.77
13545 28.01 2.04
13546 26.32 1.82
13547 23.66 1.57
13549 27.64 1.69
13566 22.73 1.76
13584 23.11 2.57
13594 19.38 2.17
13595 16.25 1.73
13612 14.86 1.61
13616 23.63 2.63
13617 27.13 2.81
13618 26.55 2.55
13658 13.06 2.25
13678 10.11 1.76
13687 9.46 1.79
13703 12.39 2.0
13707 11.44 1.73
13708 21.26 3.17
13710 11.71 1.54
13737 16.9 3.11
13738 15.13 2.55
13739 13.64 2.12
13747 11.94 1.7
13748 13.3 1.79
13769 11.04 1.51
13793 10.47 1.84
13794 9.91 1.65
13796 10.67 1.74
13798 15.11 2.34
13800 16.42 2.33
13823 8.06 1.52
13838 16.21 3.78
13841 9.34 1.95
13842 8.02 1.59
13844 11.9 2.37
13848 9.49 1.7
13870 8.32 1.58
13871 8.41 1.54
13881 8.21 1.54
13884 10.77 1.94
13885 17.15 2.92
13886 15.14 2.33
13888 16.24 2.25
13891 28.87 3.54
13892 15.59 1.7
13925 9.12 1.6
13927 9.61 1.71
13934 9.45 1.77
13936 13.21 2.38
13937 9.77 1.62
13939 13.09 2.04
13940 27.28 3.98
13946 13.21 1.58
13952 19.9 2.41
13953 15.78 1.75
13975 11.56 1.52
13976 14.67 1.94
13979 16.83 2.16
13980 16.28 1.95
13985 17.13 1.7
13986 31.54 2.99
13993 23.74 1.69
14018 9.86 1.54
14020 21.06 3.22
14022 13.8 1.9
14023 14.19 1.88
14024 17.32 2.31
14025 14.28 1.81
14026 22.82 2.74
14027 15.2 1.66
14028 21.63 2.27
14030 20.45 1.92
14044 18.82 1.62
14060 12.79 1.52
14072 12.64 1.59
14073 18.79 2.29
14074 25.61 2.97
14076 28.45 2.93
14085 22.29 1.82
14099 13.59 1.52
14101 16.22 1.8
14116 13.98 1.98
14118 14.79 1.97
14120 19.8 2.58
14124 12.19 1.58
14140 15.15 1.78
14148 22.63 2.69
14152 16.1 1.76
14163 16.27 1.88
14164 62.03 6.83
14167 19.03 1.5
14170 21.74 1.61
14171 22.45 1.56
CLV 0.468
VSA CANDIDATES 520
VSA 520 BULL 189 BEAR 168 NEUTRAL 163
SWINGS 1924 1934
BOS 490 468
STATE_READY
STRUCTURE BOS 490 468 CHoCH 234 234
DIRECTIONAL VSA 357
5BAR CONFIRM 185 163
PROTECTED SWINGS 1924 1934
NEAREST 5BAR 118 111
CONFIRMED 118 111
ATR TEST 7.092
TRADE_ENGINE_READY 1.5
1R 72 71
B1 72
S1 71
2R 48 52
3R 39 41
P2 26
P2S 45
P3 38
P3S 53
SIGNALS 229
SEQ_START
SEQ_TEST 1
SEQ_READY 118 111
SEQ_INDEX 192 57
FIRST_GAP 135
CHRONO 229 [(57, 0), (192, 1), (196, 1)]
SEQ_TRADES 154
SEQ154_OK 154
SEQ_WINS 56
SEQ_LOSS 98
NET3R 70
AMBIGUITY_RULE SL_FIRST
SEQ_TRADES_NOW 154
W3R 56 L3R 98 NET3R 70
SEQ_RR 1 W 97 L 57 R 40
SEQ_RR 2 W 69 L 85 R 53
SEQ_RR 3 W 56 L 98 R 70
DD3R 14 MAX_LOSS_STREAK 14 FINAL_R 70
DATA 14198 CUT 9938
TEST_SIGNALS 75
TEST_TRADES 51
TEST_3R 18 33 21
TEST_DD 7 TEST_STREAK 6 TEST_FINAL_R 21
MC_READY 51 21
MC_READY 51 21
MC_N 5000 MC_FINAL 21 MC_MAX 21
MC_DD 5 11 20
